[[3628800, 3628800, 3628800, 3628800, 3628800, 3628800, 3628800], [3628800, 3628800, 3628800, 3628800, 3628800, 3628800, 3628800], [3628800, 3628800, 3628800, 3628800, 3628800, 3628800, 3628800], [3628800, 3628800, 3628800, 3628800, 3628800, 3628800, 3628800], [3628800, 3628800, 3628800, 3628800, 3628800, 3628800, 3628800], [3628800, 3628800, 3628800, 3628800, 3628800, 3628800, 3628800], [3628800, 3628800, 3628800, 3628800, 3628800, 3628800, 3628800]]
25401600

[[258779, 482973, 1005029, 2596437, 5302794, 7321621, 8433967], [3352333, 2988397, 2842131, 3233509, 4078198, 4569572, 4337460], [3901748, 3667853, 3414432, 3429734, 3710393, 3758245, 3519195], [3965536, 4017141, 3899704, 3706206, 3537476, 3255265, 3020272], [4096814, 4301508, 4352851, 3975486, 3329282, 2771203, 2574456], [4427410, 4655152, 4776086, 4202019, 3014086, 2232302, 2094545], [5398980, 5288576, 5111367, 4258209, 2429371, 1493392, 1421705]]
25401600

[[261091, 855590, 1361426, 2679362, 5112485, 6958008, 8173638], [348912, 896872, 1607741, 4054144, 6252974, 6454245, 5786712], [2985792, 2421127, 2823381, 4497125, 4808368, 4124638, 3741169], [4065092, 3603730, 4120920, 4418240, 3505002, 2902825, 2785791], [4169263, 4745720, 5185747, 4120785, 2686424, 2266219, 2227442], [4918546, 6029713, 5637645, 3487584, 1946627, 1694701, 1686784], [8652904, 6848848, 4664740, 2144360, 1089720, 1000964, 1000064]]
25401600

[[281860, 711819, 1121386, 2669002, 5186355, 7081512, 8349666], [347124, 975193, 1842512, 4151165, 6089021, 6306398, 5690187], [442958, 1239549, 3146800, 5818434, 5789915, 4753212, 4210732], [2604928, 2475321, 4912109, 5568394, 3881470, 3037935, 2921443], [4241094, 4922814, 6044735, 3907459, 2240400, 2021493, 2023605], [5398724, 7878344, 5494018, 2330878, 1439647, 1427446, 1432543], [12084912, 7198560, 2840040, 956268, 774792, 773604, 773424]]
25401600

[[282292, 626335, 1158097, 2690842, 5193753, 7095635, 8354646], [356209, 862264, 1774682, 4139757, 6152505, 6377972, 5738211], [447880, 1116290, 3172289, 5864366, 5832380, 4755555, 4212840], [554195, 2025706, 5975387, 6342513, 4186800, 3210242, 3106757], [2228054, 5123219, 7462414, 4209402, 2207724, 2074906, 2095881], [5946410, 9642986, 4594987, 1514208, 1193110, 1251962, 1257937], [15586560, 6004800, 1263744, 640512, 635328, 635328, 635328]]
25401600

[[282360, 621078, 1162127, 2690601, 5194003, 7095818, 8355613], [356273, 830572, 1791898, 4149339, 6155696, 6378531, 5739291], [448965, 1090968, 3160361, 5866872, 5846034, 4767107, 4221293], [554628, 1919086, 6024116, 6378017, 4201165, 3214376, 3110212], [680842, 5761297, 8026536, 4377544, 2260921, 2135661, 2158799], [3897732, 11679399, 4646162, 1406427, 1210981, 1277307, 1283592], [19180800, 3499200, 590400, 532800, 532800, 532800, 532800]]
25401600

[[282360, 621078, 1162093, 2690596, 5194028, 7095799, 8355646], [356273, 829796, 1792637, 4149389, 6155699, 6378504, 5739302], [448965, 1089217, 3161470, 5867056, 5846278, 4767224, 4221390], [554628, 1918692, 6021709, 6378618, 4202220, 3215019, 3110714], [680842, 5745313, 8040811, 4380130, 2260284, 2135551, 2158669], [3379332, 12087104, 4704480, 1417411, 1224691, 1291103, 1297479], [19699200, 3110400, 518400, 518400, 518400, 518400, 518400]]
25401600